   1.0000000e+00   1.0000000e+01
   2.0000000e+00   1.0000000e+01
   3.0000000e+00   1.0000000e+01
   5.0000000e+00   1.0000000e+01
   7.0000000e+00   1.0000000e+01
   1.0000000e+01   1.0000000e+01
   1.5000000e+01   1.0000000e+01
   2.0000000e+01   1.0000000e+01
   2.5000000e+01   1.0000000e+01
   3.0000000e+01   1.0000000e+01
   4.0000000e+01   1.0000000e+01
   5.0000000e+01   1.0000000e+01
   6.0000000e+01   1.0000000e+01
   8.0000000e+01   1.0000000e+01
   1.0000000e+02   1.0000000e+01
   1.2000000e+02   1.0000000e+01
   1.5000000e+02   1.0000000e+01
   2.0000000e+02   1.0000000e+01
   2.5000000e+02   1.0000000e+01
   3.0000000e+02   1.0000000e+01
